-22.831166949769717
-25.368310590078835
-25.368310590078835
-25.368310590078835
-25.368310590078835
-25.368310590078835
-25.368310590078835
-25.368310590078835
-25.368310590078835
-25.368310590078835
-25.368310590078835
-25.368310590078835
-25.368310590078835
-25.368310590078835
-25.368310590078835
-25.368310590078835
-25.368310590078835
-25.368310590078835
-25.368310590078835
-25.368310590078835
-25.368310590078835
-25.368310590078835
-25.368310590078835
-25.368310590078835
-25.368310590078835
-25.368310590078835
-25.368310590078835
-25.368310590078835
-25.368310590078835
-25.368310590078835
-25.368310590078835
-25.368310590078835
-25.368310590078835
-25.368310590078835
-25.368310590078835
-25.368310590078835
-25.368310590078835
-25.368310590078835
-25.368310590078835
-25.368310590078835
-25.368310590078835
-25.368310590078835
-25.368310590078835
-25.368310590078835
-25.368310590078835
-25.368310590078835
-25.368310590078835
-25.368310590078835
-25.368310590078835
-25.368310590078835
-25.368310590078835
-25.368310590078835
-25.368310590078835
-25.368310590078835
-25.368310590078835
-25.368310590078835
-25.368310590078835
-25.368310590078835
-25.368310590078835
-25.368310590078835
-25.368310590078835
-25.368310590078835
-25.368310590078835
-25.368310590078835
-25.368310590078835
-25.368310590078835
-25.368310590078835
-25.368310590078835
-25.368310590078835
-25.368310590078835
-25.368310590078835
-25.368310590078835
-25.368310590078835
-25.368310590078835
-25.368310590078835
-25.368310590078835
-25.368310590078835
-25.368310590078835
-25.368310590078835
-25.368310590078835
-25.368310590078835
-25.368310590078835
-25.368310590078835
-25.368310590078835
-25.368310590078835
-25.368310590078835
-25.368310590078835
-25.368310590078835
-25.368310590078835
-25.368310590078835
-25.368310590078835
-25.368310590078835
-25.368310590078835
-25.368310590078835
-25.368310590078835
-25.368310590078835
-25.368310590078835
-25.368310590078835
-25.368310590078835
-25.368310590078835
-25.368310590078835
-25.368310590078835
-25.368310590078835
-25.368310590078835
-25.368310590078835
-25.368310590078835
-25.368310590078835
-25.368310590078835
-25.368310590078835
-25.368310590078835
-25.368310590078835
-25.368310590078835
-25.368310590078835
-25.368310590078835
-25.368310590078835
-25.368310590078835
-25.368310590078835
-25.368310590078835
-25.368310590078835
-25.368310590078835
-25.368310590078835
-25.368310590078835
-25.368310590078835
-25.368310590078835
-25.368310590078835
-25.368310590078835
-25.368310590078835
-25.368310590078835
-25.368310590078835
-25.368310590078835
-25.368310590078835
-25.368310590078835
-25.368310590078835
-25.368310590078835
-25.368310590078835
-25.368310590078835
-25.368310590078835
-25.368310590078835
-25.368310590078835
-25.368310590078835
-25.368310590078835
-25.368310590078835
-25.368310590078835
-25.368310590078835
-25.368310590078835
-25.368310590078835
-25.368310590078835
-25.368310590078835
-20.30878584277582
-25.368310590078835
-25.368310590078835
-25.368310590078835
-25.368310590078835
-25.368310590078835
-20.187369812188226
-25.368310590078835
-25.368310590078835
-25.368310590078835
-25.368310590078835
-25.368310590078835
-25.368310590078835
-25.368310590078835
-25.368310590078835
-25.368310590078835
-25.368310590078835
-25.368310590078835
-25.847994294589327
-25.368310590078835
-25.497532687039957
-25.368310590078835
-25.368310590078835
-25.368310590078835
-25.368310590078835
-25.794934587388056
-20.356448615168993
-13.277706044204205
-10.90691580097972
-12.676367532425017
-15.83068592133143
-14.351866122888994
-13.159517381119505
-15.852244833292373
-13.833116180592523
-12.335475728339393
-11.239013316115543
-15.776973722696532
-25.368310590078835
-25.344156562185397
-13.572126233936022
-13.456851618102636
-14.890546736549503
-17.780267916495895
-21.653025093904652
-20.26589805549685
-25.83368233809358
-25.368310590078835
-25.368310590078835
-24.80755263325709
-23.67378228349085
-25.984723322224138
-25.10910788968389
-25.803859889798417
-25.838018769921085
-24.949826313165477
-19.972817276939114
-21.686351664680092
-20.086483222297517
-18.20631555311095
-19.366627614578743
-21.45028439312082
-23.098715696893155
-17.64606803778292
-22.18944608759883
-18.591055453219905
-20.68210471285493
-19.263991529948832
-20.574182010394324
-19.27322274519134
-19.198540115520636
-22.109353704097106
-20.402009707959373
-20.717707865149823
-21.908572030753138
-21.21917728698863
-20.671735665372726
-22.192495155214544
-19.091149765138773
-23.032331680136537
-24.09741961427004
-21.17170496457365
-21.182985604831774
-22.777595052873792
-22.278583271751245
-24.003473874834278
-23.512751778528106
-19.177631598579936
-21.093792723252424
-22.975281079616714
-24.40926540628677
-21.764728019829306
-21.04989686954283
-21.599449480169074
-23.62707585652752
-20.593177289064535
-22.33724157816692
-23.304917312721205
-22.19563506113072
-21.776031727059426
-21.647338209066618
-21.408156760157468
-22.876380685669957
-21.480633460660094
-20.388358985838938
-18.46094928388575
-20.941550409858376
-18.948247889667236
-21.448906357735105
-20.16213171120354
-18.08818367376061
-19.86330028943517
-19.095037019438973
-20.74115963849875
-18.7070123353342
-21.34101631271152
-19.463642239427855
-18.159193183834645
-22.218553087979735
-18.81819566120265
-19.08345896753685
-20.27338409381067
-20.881110591660384
-19.487773819827307
-18.73238422734563
-18.918231709506557
-19.599550382642217
-20.406235771436517
-18.280075264811114
-19.549700604661396
-19.40510504596907
-21.35706548195195
-19.010497031757577
-20.032360072027654
-18.277527765150012
-18.5677076007524
-19.249934463199804
-17.91786056599921
-17.44979956804091
-17.42379969527915
-19.218347668703334
-18.537107261252306
-17.174706212497327
-17.568613995669168
-21.49485675976479
-17.940068271083234
-18.922505383708067
-18.012406763207068
-16.892051669753386
-16.97648200680498
-18.206693595416127
-16.39826221167673
-16.195208029079872
-18.512215970198277
-17.121657231966626
-16.911134862642157
-16.346003540202283
-15.700020115577185
-16.535970761945965
-18.171680956960376
-16.03983377921137
-15.86348022184675
-15.281656612036967
-16.999586048767995
-17.71862231164056
-15.642200161889722
-15.555764478642299
-15.981542012778359
-16.108763644779977
-16.84185289118819
-15.79536977205315
-15.84637155619729
-15.395327685919147
-17.41512062752369
-15.184200407654503
-15.865979208546815
-15.00902531688366
-14.978250610609503
-16.890339615640247
-15.578968994041249
-15.377775453509129
-14.908915414998315
-15.451065517579874
-17.37926429908925
-15.8432479242045
-14.758542934662751
-16.105636390712064
-16.91308865997156
-15.226559202722163
-15.968732694168715
-13.500924288120263
-15.546991035372118
-17.321698793402
-15.354537187369509
-14.667263803601234
-14.615077695143002
-16.124306270991543
-16.02438645301574
-14.362771532487129
-15.242788170971941
-15.261188681540157
-16.135691114706766
-15.049300020740572
-14.625294037989978
-15.366172344649351
-14.394267792784621
-16.421470651035456
-14.41027631687234
-15.590516760486873
-14.943297515160019
-15.62769045993732
-16.427952807001795
-14.67886273160162
-14.614563612593006
-15.457989587904017
-15.424047031996722
-14.934898937986691
-14.759791887261485
-15.547601054395969
-14.61997578189555
-17.912776957948566
-15.415070201445442
-14.232589123675133
-14.87151046561879
-15.64934374242019
-16.081922020903757
-14.368657933764633
-14.74962923881274
-15.043968582487457
-15.26000046213824
-15.822914185267125
-15.481896675599177
-13.961213190222182
-14.5111326376656
-16.4651736603518
-15.164074366992939
-14.773114155912337
-14.898907502569116
-15.35459269966054
-16.583410154719424
-14.384420588435091
-14.530847544108843
-14.423256160188103
-16.083438423811202
-15.794343035393055
-14.758761664323266
-14.625282599864502
-14.781805134380154
-16.77060219738316
-15.528531334783544
-14.550134897785519
-15.748110561514634
-13.521504481320655
-16.027538695183186
-15.0295328456418
-14.15360215251486
-14.158625695098214
-16.11255537405078
-15.013405206161066
-13.902817399035994
-14.354028480320821
-14.421320141878928
-16.5560989467666
-14.939121449744167
-14.114799632507237
-14.525834560099348
-14.906393541685784
-16.216733182345045
-16.2627399153055
-15.011653959871847
-15.547558048718544
-14.707783957907496
-15.504603126103628
-14.927903525203838
-14.982545667934879
-14.64447897752795
-15.891205888816668
-14.438523707764494
-14.724425163693724
-14.69026093453532
-15.528189622442186
-16.191075240563517
-14.91104454366676
